[dm5/setupentity]
version = 6.6.3
modtime = 1505188160.477499000

[app/install/is_configured]
version = 6.6.3
modtime = 1505188161.255068000
