[dm5/setupentity]
version = 6.6.3
modtime = 1505187347.746004000

[app/install/is_configured]
version = 6.6.3
modtime = 1505187348.490040000
